Found 134217728 particles.
particle reading: 120.354 s
Testing mass assignment:
Computing order 1
mass assignment: 62.534 s
Writing to order1.data
Computing order 2
mass assignment: 92.5294 s
Writing to order2.data
Computing order 3
mass assignment: 166.04 s
Writing to order3.data
Computing order 4
mass assignment: 301.114 s
Writing to order4.data
Done

mass assignment: 301.06 s
fftw_plan creation: 0.0518019 s
fftw_plan execution: 5.65922 s
P(k) measurement: 26.2764 s
0 2.8855e+08
1.41421 3.54263e+08
1.73205 3.44525e+08
2 3.2692e+08
2.23607 3.07708e+08
2.44949 2.89219e+08
2.82843 2.5659e+08
3 2.4305e+08
3.16228 2.31268e+08
3.31662 2.20952e+08
3.4641 2.11465e+08
3.60555 2.04042e+08
3.74166 1.97132e+08
4 1.85857e+08
4.12311 1.81453e+08
4.24264 1.77516e+08
4.3589 1.73967e+08
4.47214 1.70692e+08
4.58258 1.67879e+08
4.69042 1.65228e+08
4.89898 1.6045e+08
5 1.58482e+08
5.09902 1.56294e+08
5.19615 1.54195e+08
5.38516 1.49973e+08
5.47723 1.47861e+08
5.65685 1.44054e+08
5.74456 1.41816e+08
5.87336 1.38773e+08
6.03664 1.34669e+08
6.16441 1.31451e+08
6.38733 1.25577e+08
6.50621 1.22552e+08
6.68939 1.1733e+08
6.78233 1.14607e+08
6.99069 1.09179e+08
7.11407 1.0569e+08
7.31909 1.00317e+08
7.5165 9.54256e+07
7.66475 9.19434e+07
7.84662 8.80884e+07
8.09025 8.33676e+07
8.27192 8.01969e+07
8.41726 7.79848e+07
8.61515 7.53092e+07
8.81519 7.29841e+07
9.06844 7.04941e+07
9.27339 6.88225e+07
9.47045 6.74485e+07
9.69513 6.5909e+07
9.96841 6.43943e+07
10.2221 6.2836e+07
10.4352 6.14681e+07
10.7259 5.95777e+07
10.9789 5.77492e+07
11.1909 5.59709e+07
11.4685 5.36708e+07
11.7715 5.10525e+07
12.0601 4.85257e+07
12.3212 4.62167e+07
12.6542 4.35409e+07
12.9505 4.13306e+07
13.2657 3.92806e+07
13.563 3.75956e+07
13.9208 3.59978e+07
14.263 3.47365e+07
14.5605 3.37798e+07
14.9273 3.28433e+07
15.2744 3.19792e+07
15.6877 3.09238e+07
16.0623 2.98829e+07
16.4239 2.87607e+07
16.8122 2.74938e+07
17.1965 2.61358e+07
17.6371 2.46345e+07
18.081 2.32243e+07
18.5254 2.20384e+07
18.9577 2.10016e+07
19.3726 2.02071e+07
19.8638 1.94161e+07
20.3355 1.87719e+07
20.8243 1.80974e+07
21.3393 1.73789e+07
21.8708 1.65776e+07
22.3864 1.57739e+07
22.9288 1.49352e+07
23.4749 1.41579e+07
24.0408 1.34399e+07
24.6308 1.28106e+07
25.2427 1.22268e+07
25.8399 1.17374e+07
26.4523 1.12477e+07
27.1034 1.07147e+07
27.7465 1.01918e+07
28.4161 9.65722e+06
29.1176 9.14191e+06
29.822 8.68078e+06
30.548 8.26201e+06
31.2726 7.88652e+06
32.0209 7.51666e+06
32.7913 7.14865e+06
33.5715 6.78047e+06
34.3893 6.42257e+06
35.2253 6.09181e+06
36.0797 5.77606e+06
36.9448 5.48763e+06
37.8181 5.21275e+06
38.7208 4.94522e+06
39.6693 4.67431e+06
40.6278 4.43029e+06
41.6046 4.19469e+06
42.6065 3.97461e+06
43.6391 3.75657e+06
44.6903 3.55297e+06
45.7632 3.35858e+06
46.8724 3.17257e+06
48.0025 2.99823e+06
49.1525 2.83329e+06
50.3254 2.67567e+06
51.5488 2.52362e+06
52.8053 2.37723e+06
54.0782 2.24206e+06
55.3714 2.112e+06
56.7065 1.98774e+06
58.0783 1.87215e+06
59.4792 1.76061e+06
60.9121 1.65579e+06
62.3783 1.55558e+06
63.8812 1.46063e+06
65.4286 1.3703e+06
67.0024 1.28567e+06
68.6163 1.20533e+06
70.2687 1.12899e+06
71.9648 1.05772e+06
73.6979 988369
75.4694 924128
77.2948 862907
79.1605 805327
81.0613 751246
83.0115 700232
85.0144 651569
87.069 605693
89.1684 562499
91.322 522627
93.5274 484385
95.7786 448393
98.0855 414990
100.449 383287
102.871 353789
105.352 326154
107.891 300204
110.489 275876
113.158 253096
115.889 232013
118.68 212278
121.534 194057
124.466 176912
127.47 160985
130.542 146232
133.691 132694
136.913 120070
140.212 108434
143.596 97666.7
147.06 87831.4
150.603 78778.3
154.231 70502.6
157.951 62935.4
161.757 55998.8
165.654 49715.7
169.652 44005.1
173.741 38833.2
177.927 34162.3
182.218 29972.2
186.611 26193.5
191.109 22827
195.714 19822.3
200.435 17148.6
205.27 14782.3
210.216 12703.9
215.285 10873.8
220.477 9272.4
225.791 7879.2
231.233 6669.49
236.807 5628.75
242.517 4731.61
248.365 3965.07
254.347 3315.04
260.445 2645.81
266.722 2021.78
273.148 1528.09
279.729 1140.49
286.469 840.004
293.371 609.019
300.439 433.714
307.676 302.835
315.083 206.527
322.669 137.139
330.434 88.3091
338.38 55.0773
346.508 33.3735
354.813 19.9764
363.325 12.0405
372.096 6.89184
381.046 3.70559
390.192 1.853
399.533 0.857114
409.055 0.357895
418.704 0.132649
428.252 0.0455578
436.739 0.0192475
